              precision    recall  f1-score   support

           0     0.9310    0.9000    0.9153        30
           1     0.9643    0.9000    0.9310        30
           2     0.9667    0.9667    0.9667        30
           3     1.0000    1.0000    1.0000        30
           4     0.9677    1.0000    0.9836        30
           5     1.0000    0.9667    0.9831        30
           6     0.9375    1.0000    0.9677        30
           7     0.9000    0.9000    0.9000        30
           8     0.8235    0.9333    0.8750        30
           9     1.0000    1.0000    1.0000        30
          10     1.0000    1.0000    1.0000        30
          11     0.9655    0.9333    0.9492        30
          12     0.9286    0.8667    0.8966        30
          13     0.9333    0.9333    0.9333        30
          14     1.0000    1.0000    1.0000        30
          15     0.8750    0.9333    0.9032        30
          16     0.9677    1.0000    0.9836        30
          17     1.0000    1.0000    1.0000        30
          18     1.0000    0.8000    0.8889        30
          19     1.0000    0.9333    0.9655        30
          20     1.0000    1.0000    1.0000        30
          21     0.8529    0.9667    0.9062        30
          22     0.9355    0.9667    0.9508        30
          23     0.9667    0.9667    0.9667        30
          24     0.9677    1.0000    0.9836        30
          25     0.8929    0.8333    0.8621        30
          26     1.0000    1.0000    1.0000        30
          27     0.9355    0.9667    0.9508        30
          28     0.9667    0.9667    0.9667        30
          29     1.0000    0.9667    0.9831        30
          30     0.9667    0.9667    0.9667        30
          31     0.9062    0.9667    0.9355        30
          32     0.9677    1.0000    0.9836        30
          33     1.0000    0.9667    0.9831        30
          34     1.0000    1.0000    1.0000        30
          35     1.0000    0.9667    0.9831        30
          36     0.9677    1.0000    0.9836        30
          37     0.9655    0.9333    0.9492        30
          38     1.0000    1.0000    1.0000        30
          39     0.9677    1.0000    0.9836        30
          40     0.9667    0.9667    0.9667        30
          41     0.9667    0.9667    0.9667        30
          42     1.0000    1.0000    1.0000        30
          43     1.0000    1.0000    1.0000        30
          44     1.0000    0.9333    0.9655        30
          45     0.9091    1.0000    0.9524        30
          46     1.0000    1.0000    1.0000        30
          47     0.8788    0.9667    0.9206        30
          48     1.0000    0.9333    0.9655        30
          49     0.9655    0.9333    0.9492        30
          50     0.9091    1.0000    0.9524        30
          51     0.9630    0.8667    0.9123        30
          52     1.0000    0.9667    0.9831        30
          53     0.9375    1.0000    0.9677        30
          54     1.0000    0.9333    0.9655        30
          55     0.9643    0.9000    0.9310        30
          56     1.0000    0.8667    0.9286        30
          57     1.0000    1.0000    1.0000        30
          58     1.0000    0.9333    0.9655        30
          59     1.0000    0.9667    0.9831        30
          60     0.9091    1.0000    0.9524        30
          61     0.9677    1.0000    0.9836        30
          62     1.0000    1.0000    1.0000        30
          63     0.9677    1.0000    0.9836        30
          64     1.0000    1.0000    1.0000        30
          65     0.8529    0.9667    0.9062        30
          66     0.9062    0.9667    0.9355        30
          67     0.8929    0.8333    0.8621        30
          68     0.9677    1.0000    0.9836        30
          69     0.9677    1.0000    0.9836        30
          70     0.9667    0.9667    0.9667        30
          71     0.9667    0.9667    0.9667        30
          72     0.9091    1.0000    0.9524        30
          73     0.8571    1.0000    0.9231        30
          74     0.9677    1.0000    0.9836        30
          75     1.0000    0.9667    0.9831        30
          76     0.9375    1.0000    0.9677        30
          77     1.0000    1.0000    1.0000        30
          78     0.8333    1.0000    0.9091        30
          79     0.9000    0.9000    0.9000        30
          80     0.8667    0.8667    0.8667        30
          81     0.9375    1.0000    0.9677        30
          82     0.9333    0.9333    0.9333        30
          83     0.9333    0.9333    0.9333        30
          84     0.9630    0.8667    0.9123        30
          85     0.9600    0.8000    0.8727        30
          86     0.9259    0.8333    0.8772        30
          87     0.9655    0.9333    0.9492        30
          88     0.8182    0.9000    0.8571        30
          89     0.9355    0.9667    0.9508        30
          90     0.9643    0.9000    0.9310        30
          91     0.9630    0.8667    0.9123        30
          92     0.8824    1.0000    0.9375        30
          93     1.0000    0.7667    0.8679        30
          94     1.0000    0.9333    0.9655        30
          95     0.8966    0.8667    0.8814        30
          96     0.9655    0.9333    0.9492        30
          97     0.9286    0.8667    0.8966        30
          98     0.8846    0.7667    0.8214        30
          99     1.0000    0.9333    0.9655        30
         100     1.0000    1.0000    1.0000        30
         101     0.8750    0.9333    0.9032        30
         102     1.0000    0.8667    0.9286        30
         103     0.9355    0.9667    0.9508        30
         104     0.8108    1.0000    0.8955        30
         105     1.0000    1.0000    1.0000        30
         106     1.0000    1.0000    1.0000        30
         107     0.9677    1.0000    0.9836        30
         108     1.0000    0.9000    0.9474        30
         109     0.9375    1.0000    0.9677        30
         110     1.0000    0.9333    0.9655        30
         111     1.0000    0.8000    0.8889        30
         112     0.9032    0.9333    0.9180        30
         113     1.0000    0.9667    0.9831        30
         114     0.9677    1.0000    0.9836        30
         115     0.8571    1.0000    0.9231        30
         116     0.9677    1.0000    0.9836        30
         117     1.0000    1.0000    1.0000        30
         118     0.9677    1.0000    0.9836        30
         119     1.0000    0.9000    0.9474        30
         120     1.0000    0.9667    0.9831        30
         121     0.9667    0.9667    0.9667        30
         122     0.9355    0.9667    0.9508        30
         123     1.0000    0.9667    0.9831        30
         124     1.0000    0.9667    0.9831        30
         125     0.9677    1.0000    0.9836        30
         126     0.8529    0.9667    0.9062        30
         127     0.9355    0.9667    0.9508        30
         128     1.0000    1.0000    1.0000        30
         129     0.9200    0.7667    0.8364        30
         130     1.0000    0.9667    0.9831        30
         131     0.9091    1.0000    0.9524        30
         132     0.9091    1.0000    0.9524        30
         133     1.0000    0.9000    0.9474        30
         134     0.9677    1.0000    0.9836        30
         135     1.0000    1.0000    1.0000        30
         136     1.0000    1.0000    1.0000        30
         137     1.0000    0.9667    0.9831        30
         138     1.0000    1.0000    1.0000        30
         139     1.0000    1.0000    1.0000        30
         140     0.9677    1.0000    0.9836        30
         141     0.9677    1.0000    0.9836        30
         142     0.9655    0.9333    0.9492        30
         143     0.9655    0.9333    0.9492        30
         144     0.9355    0.9667    0.9508        30
         145     0.9667    0.9667    0.9667        30
         146     0.8286    0.9667    0.8923        30
         147     0.9333    0.9333    0.9333        30
         148     0.9375    1.0000    0.9677        30
         149     1.0000    0.8333    0.9091        30

    accuracy                         0.9538      4500
   macro avg     0.9560    0.9538    0.9536      4500
weighted avg     0.9560    0.9538    0.9536      4500
